1	的	744863	7.7946	7.7946
2	了	130191	1.3624	9.157
3	在	118823	1.2434	10.4004
4	是	118527	1.2403	11.6407
5	和	83958	0.8786	12.5193
6	一	81119	0.8489	13.3682
7	这	65146	0.6817	14.0499
8	有	53556	0.5604	14.6103
9	他	52912	0.5537	15.164
10	我	52728	0.5518	15.7158
11	也	47908	0.5013	16.2171
12	不	46965	0.4915	16.7086
13	就	44947	0.4703	17.1789
14	地	42332	0.443	17.6219
15	着	41116	0.4303	18.0522
16	中	40849	0.4275	18.4797
17	上	38084	0.3985	18.8782
18	说	35429	0.3707	19.2489
19	都	34323	0.3592	19.6081
20	人	33991	0.3557	19.9638
21	个	31512	0.3298	20.2936
22	对	30936	0.3237	20.6173
23	种	30123	0.3152	20.9325
24	把	29749	0.3113	21.2438
25	为	29265	0.3062	21.55
26	要	29039	0.3039	21.8539
27	你	28769	0.3011	22.155
28	而	28404	0.2972	22.4522
29	来	28038	0.2934	22.7456
30	我们	26823	0.2807	23.0263
31	又	25715	0.2691	23.2954
32	一个	24807	0.2596	23.555
33	与	23823	0.2493	23.8043
34	从	23749	0.2485	24.0528
35	年	22029	0.2305	24.2833
36	到	21744	0.2275	24.5108
37	还	21148	0.2213	24.7321
38	它	21041	0.2202	24.9523
39	大	20907	0.2188	25.1711
40	等	20210	0.2115	25.3826
41	她	19915	0.2084	25.591
42	两	19539	0.2045	25.7955
43	去	18963	0.1984	25.9939
44	没有	18950	0.1983	26.1922
45	里	18805	0.1968	26.389
46	得	18698	0.1957	26.5847
47	时	18257	0.191	26.7757
48	多	18064	0.189	26.9647
49	他们	17787	0.1861	27.1508
50	发展	17331	0.1814	27.3322
51	用	17259	0.1806	27.5128
52	那	17198	0.18	27.6928
53	以	17181	0.1798	27.8726
54	所	17101	0.179	28.0516
55	很	16774	0.1755	28.2271
56	可以	16734	0.1751	28.4022
57	使	16571	0.1734	28.5756
58	但	15963	0.167	28.7426
59	自己	14793	0.1548	28.8974
60	小	14509	0.1518	29.0492
61	之	14428	0.151	29.2002
62	能	14413	0.1508	29.351
63	下	14051	0.147	29.498
64	或	13918	0.1456	29.6436
65	看	13758	0.144	29.7876
66	就是	13715	0.1435	29.9311
67	被	13624	0.1426	30.0737
68	什么	13589	0.1422	30.2159
69	三	13220	0.1383	30.3542
70	这个	13202	0.1382	30.4924
71	会	12996	0.136	30.6284
72	好	12660	0.1325	30.7609
73	可	12457	0.1304	30.8913
74	后	12144	0.1271	31.0184
75	这样	11980	0.1254	31.1438
76	给	11678	0.1222	31.266
77	向	11609	0.1215	31.3875
78	社会	11461	0.1199	31.5074
79	由	11413	0.1194	31.6268
80	进行	11087	0.116	31.7428
81	问题	10899	0.1141	31.8569
82	工作	10531	0.1102	31.9671
83	如	10502	0.1099	32.077
84	呢	10425	0.1091	32.1861
85	于	10296	0.1077	32.2938
86	其	10206	0.1068	32.4006
87	起来	10196	0.1067	32.5073
88	国家	10139	0.1061	32.6134
89	过	10047	0.1051	32.7185
90	不能	10033	0.105	32.8235
91	并	9990	0.1045	32.928
92	这些	9975	0.1044	33.0324
93	生产	9556	0.1	33.1324
94	生活	9525	0.0997	33.2321
95	只	9417	0.0985	33.3306
96	将	9315	0.0975	33.4281
97	新	9292	0.0972	33.5253
98	想	9154	0.0958	33.6211
99	几	9132	0.0956	33.7167
100	因为	8969	0.0939	33.8106
101	不是	8956	0.0937	33.9043
102	经济	8730	0.0914	33.9957
103	更	8684	0.0909	34.0866
104	研究	8657	0.0906	34.1772
105	已	8632	0.0903	34.2675
106	当	8443	0.0884	34.3559
107	却	8375	0.0876	34.4435
108	主要	8352	0.0874	34.5309
109	再	8200	0.0858	34.6167
110	由于	8074	0.0845	34.7012
111	我国	7980	0.0835	34.7847
112	最	7961	0.0833	34.868
113	关系	7954	0.0832	34.9512
114	作用	7924	0.0829	35.0341
115	不同	7851	0.0822	35.1163
116	中国	7791	0.0815	35.1978
117	才	7780	0.0814	35.2792
118	人们	7706	0.0806	35.3598
119	出	7687	0.0804	35.4402
120	但是	7678	0.0803	35.5205
121	现在	7642	0.08	35.6005
122	则	7620	0.0797	35.6802
123	需要	7610	0.0796	35.7598
124	所以	7519	0.0787	35.8385
125	因此	7416	0.0776	35.9161
126	如果	7375	0.0772	35.9933
127	已经	7362	0.077	36.0703
128	一定	7317	0.0766	36.1469
129	们	7290	0.0763	36.2232
130	各	7275	0.0761	36.2993
131	重要	7135	0.0747	36.374
132	象	7102	0.0743	36.4483
133	一些	7071	0.074	36.5223
134	情况	6923	0.0724	36.5947
135	吧	6877	0.072	36.6667
136	二	6838	0.0716	36.7383
137	次	6837	0.0715	36.8098
138	月	6828	0.0715	36.8813
139	便	6790	0.0711	36.9524
140	知道	6773	0.0709	37.0233
141	时候	6721	0.0703	37.0936
142	做	6708	0.0702	37.1638
143	必须	6703	0.0701	37.2339
144	成	6690	0.07	37.3039
145	人民	6669	0.0698	37.3737
146	四	6608	0.0691	37.4428
147	走	6594	0.069	37.5118
148	出来	6574	0.0688	37.5806
149	活动	6569	0.0687	37.6493
150	同	6561	0.0687	37.718
151	方面	6523	0.0683	37.7863
152	条	6511	0.0681	37.8544
153	高	6508	0.0681	37.9225
154	吗	6508	0.0681	37.9906
155	科学	6505	0.0681	38.0587
156	也是	6473	0.0677	38.1264
157	即	6439	0.0674	38.1938
158	条件	6427	0.0673	38.2611
159	天	6401	0.067	38.3281
160	许多	6389	0.0669	38.395
161	通过	6387	0.0668	38.4618
162	思想	6370	0.0667	38.5285
163	发生	6317	0.0661	38.5946
164	叫	6289	0.0658	38.6604
165	为了	6285	0.0658	38.7262
166	老	6236	0.0653	38.7915
167	过程	6231	0.0652	38.8567
168	比	6229	0.0652	38.9219
169	起	6218	0.0651	38.987
170	而且	6116	0.064	39.051
171	影响	6103	0.0639	39.1149
172	方法	6098	0.0638	39.1787
173	要求	6097	0.0638	39.2425
174	内	6025	0.063	39.3055
175	技术	5978	0.0626	39.3681
176	点	5958	0.0623	39.4304
177	一般	5944	0.0622	39.4926
178	较	5936	0.0621	39.5547
179	让	5893	0.0617	39.6164
180	具有	5870	0.0614	39.6778
181	形成	5853	0.0612	39.739
182	对于	5846	0.0612	39.8002
183	日	5809	0.0608	39.861
184	事	5775	0.0604	39.9214
185	时间	5761	0.0603	39.9817
186	认为	5720	0.0599	40.0416
187	还是	5720	0.0599	40.1015
188	真	5709	0.0597	40.1612
189	长	5702	0.0597	40.2209
190	世界	5697	0.0596	40.2805
191	只有	5668	0.0593	40.3398
192	以后	5651	0.0591	40.3989
193	教育	5648	0.0591	40.458
194	它们	5634	0.059	40.517
195	同时	5626	0.0589	40.5759
196	性	5575	0.0583	40.6342
197	表现	5572	0.0583	40.6925
198	产生	5563	0.0582	40.7507
199	出现	5544	0.058	40.8087
200	企业	5489	0.0574	40.8661
201	社会主义	5480	0.0573	40.9234
202	作	5480	0.0573	40.9807
203	者	5475	0.0573	41.038
204	没	5449	0.057	41.095
205	各种	5419	0.0567	41.1517
206	之间	5380	0.0563	41.208
207	家	5361	0.0561	41.2641
208	组织	5334	0.0558	41.3199
209	前	5333	0.0558	41.3757
210	水	5318	0.0556	41.4313
211	一样	5278	0.0552	41.4865
212	成为	5251	0.0549	41.5414
213	可能	5233	0.0548	41.5962
214	根据	5186	0.0543	41.6505
215	开始	5138	0.0538	41.7043
216	吃	5137	0.0538	41.7581
217	还有	5102	0.0534	41.8115
218	话	5084	0.0532	41.8647
219	存在	5081	0.0532	41.9179
220	地方	5081	0.0532	41.9711
221	变化	5077	0.0531	42.0242
222	可是	5032	0.0527	42.0769
223	革命	5021	0.0525	42.1294
224	作为	5001	0.0523	42.1817
225	这里	4974	0.0521	42.2338
226	提高	4955	0.0519	42.2857
227	五	4944	0.0517	42.3374
228	同志	4928	0.0516	42.389
229	跟	4901	0.0513	42.4403
230	以及	4886	0.0511	42.4914
231	见	4823	0.0505	42.5419
232	发现	4821	0.0504	42.5923
233	及	4811	0.0503	42.6426
234	一切	4810	0.0503	42.6929
235	运动	4804	0.0503	42.7432
236	呀	4775	0.05	42.7932
237	每	4748	0.0497	42.8429
238	听	4625	0.0484	42.8913
239	历史	4620	0.0483	42.9396
240	地区	4594	0.0481	42.9877
241	第一	4593	0.0481	43.0358
242	物质	4549	0.0476	43.0834
243	问	4505	0.0471	43.1305
244	外	4489	0.047	43.1775
245	你们	4484	0.0469	43.2244
246	位	4478	0.0469	43.2713
247	正	4446	0.0465	43.3178
248	形式	4433	0.0464	43.3642
249	打	4413	0.0462	43.4104
250	认识	4395	0.046	43.4564
251	那么	4395	0.046	43.5024
252	例如	4389	0.0459	43.5483
253	学生	4377	0.0458	43.5941
254	政治	4375	0.0458	43.6399
255	比较	4352	0.0455	43.6854
256	全	4334	0.0454	43.7308
257	儿	4308	0.0451	43.7759
258	应	4307	0.0451	43.821
259	第二	4292	0.0449	43.8659
260	怎么	4287	0.0449	43.9108
261	经过	4285	0.0448	43.9556
262	提出	4271	0.0447	44.0003
263	艺术	4257	0.0445	44.0448
264	自然	4243	0.0444	44.0892
265	头	4234	0.0443	44.1335
266	过去	4213	0.0441	44.1776
267	领导	4199	0.0439	44.2215
268	完全	4184	0.0438	44.2653
269	东西	4174	0.0437	44.309
270	其他	4169	0.0436	44.3526
271	无	4167	0.0436	44.3962
272	得到	4163	0.0436	44.4398
273	劳动	4127	0.0432	44.483
274	本	4115	0.0431	44.5261
275	谁	4114	0.0431	44.5692
276	决定	4101	0.0429	44.6121
277	结构	4079	0.0427	44.6548
278	党	4072	0.0426	44.6974
279	现象	4068	0.0426	44.74
280	受	4039	0.0423	44.7823
281	理论	4033	0.0422	44.8245
282	虽然	4004	0.0419	44.8664
283	带	3996	0.0418	44.9082
284	学习	3995	0.0418	44.95
285	孩子	3975	0.0416	44.9916
286	特别	3970	0.0415	45.0746
287	工业	3970	0.0415	45.0331
288	啊	3952	0.0414	45.116
289	一点	3940	0.0412	45.1572
290	建立	3928	0.0411	45.1983
291	管理	3913	0.0409	45.2392
292	文化	3910	0.0409	45.2801
293	利用	3892	0.0407	45.3208
294	先	3865	0.0404	45.3612
295	人类	3842	0.0402	45.4014
296	应该	3836	0.0401	45.4415
297	建设	3836	0.0401	45.4816
298	图	3835	0.0401	45.5217
299	规定	3832	0.0401	45.5618
300	有些	3798	0.0397	45.6015
301	精神	3777	0.0395	45.641
302	基本	3767	0.0394	45.6804
303	声	3759	0.0393	45.7197
304	结果	3746	0.0392	45.7589
305	看到	3736	0.0391	45.798
306	手	3712	0.0388	45.8368
307	连	3685	0.0386	45.8754
308	大家	3683	0.0385	45.9139
309	时期	3672	0.0384	45.9523
310	啦	3659	0.0383	45.9906
311	意义	3628	0.038	46.0286
312	法	3602	0.0377	46.0663
313	十	3591	0.0376	46.1039
314	另	3591	0.0376	46.1415
315	其中	3578	0.0374	46.1789
316	才能	3554	0.0372	46.2161
317	能够	3553	0.0372	46.2533
318	分	3548	0.0371	46.2904
319	间	3545	0.0371	46.3275
320	当时	3541	0.0371	46.3646
321	因	3525	0.0369	46.4015
322	美国	3521	0.0368	46.4383
323	解决	3520	0.0368	46.4751
324	指	3519	0.0368	46.5119
325	只是	3507	0.0367	46.5486
326	语言	3498	0.0366	46.5852
327	增加	3488	0.0365	46.6217
328	内容	3476	0.0364	46.6581
329	该	3471	0.0363	46.6944
330	计划	3460	0.0362	46.7306
331	笑	3457	0.0362	46.7668
332	今天	3433	0.0359	46.8027
333	相	3422	0.0358	46.8385
334	不仅	3417	0.0358	46.8743
335	注意	3398	0.0356	46.9099
336	群众	3393	0.0355	46.9454
337	联系	3361	0.0352	46.9806
338	曾	3358	0.0351	47.0157
339	水平	3355	0.0351	47.0508
340	类	3321	0.0348	47.0856
341	快	3321	0.0348	47.1204
342	使用	3319	0.0347	47.1551
343	写	3310	0.0346	47.1897
344	分析	3308	0.0346	47.2243
345	当然	3308	0.0346	47.2589
346	既	3303	0.0346	47.2935
347	有关	3293	0.0345	47.328
348	实现	3286	0.0344	47.3624
349	此	3280	0.0343	47.3967
350	系统	3277	0.0343	47.431
351	直接	3277	0.0343	47.4653
352	不过	3275	0.0343	47.4996
353	按	3270	0.0342	47.5338
354	说明	3258	0.0341	47.5679
355	产品	3244	0.0339	47.6018
356	张	3235	0.0339	47.6357
357	总	3233	0.0338	47.6695
358	全国	3226	0.0338	47.7033
359	基础	3216	0.0337	47.737
360	十分	3199	0.0335	47.7705
361	市场	3188	0.0334	47.8039
362	找	3184	0.0333	47.8372
363	斗争	3183	0.0333	47.8705
364	环境	3181	0.0333	47.9038
365	特点	3177	0.0332	47.937
366	为什么	3168	0.0332	47.9702
367	学	3159	0.0331	48.0033
368	于是	3159	0.0331	48.0364
369	反映	3150	0.033	48.0694
370	引起	3141	0.0329	48.1023
371	创造	3122	0.0327	48.135
372	参加	3119	0.0326	48.1676
373	甚至	3112	0.0326	48.2002
374	讲	3112	0.0326	48.2328
375	坐	3112	0.0326	48.2654
376	能力	3108	0.0325	48.2979
377	像	3105	0.0325	48.3304
378	开	3105	0.0325	48.3629
379	觉得	3094	0.0324	48.3953
380	一下	3090	0.0323	48.4276
381	民族	3089	0.0323	48.4599
382	放	3079	0.0322	48.4921
383	具体	3072	0.0321	48.5242
384	知识	3067	0.0321	48.5563
385	有的	3055	0.032	48.5883
386	包括	3049	0.0319	48.6202
387	下来	3046	0.0319	48.6521
388	部门	3008	0.0315	48.6836
389	结合	3003	0.0314	48.715
390	岁	2993	0.0313	48.7463
391	正确	2986	0.0312	48.7775
392	任务	2986	0.0312	48.8087
393	部分	2986	0.0312	48.8399
394	那些	2973	0.0311	48.871
395	不会	2966	0.031	48.902
396	任何	2937	0.0307	48.9327
397	太	2934	0.0307	48.9634
398	眼睛	2916	0.0305	48.9939
399	经验	2909	0.0304	49.0243
400	实际	2900	0.0303	49.0546
401	随着	2895	0.0303	49.0849
402	农业	2894	0.0303	49.1152
403	道	2894	0.0303	49.1455
404	极	2891	0.0303	49.1758
405	少	2885	0.0302	49.206
406	不断	2883	0.0302	49.2362
407	这时	2881	0.0301	49.2663
408	最后	2877	0.0301	49.2964
409	件	2875	0.0301	49.3265
410	单位	2873	0.0301	49.3566
411	句	2870	0.03	49.3866
412	数	2862	0.0299	49.4165
413	而是	2846	0.0298	49.4463
414	表示	2841	0.0297	49.476
415	之后	2839	0.0297	49.5057
416	关于	2834	0.0297	49.5354
417	六	2826	0.0296	49.565
418	整个	2826	0.0296	49.5946
419	心	2821	0.0295	49.6241
420	性质	2818	0.0295	49.6536
421	受到	2818	0.0295	49.6831
422	政府	2802	0.0293	49.7124
423	至	2799	0.0293	49.7417
424	到了	2784	0.0291	49.7708
425	作品	2778	0.0291	49.7999
426	青年	2773	0.029	49.8289
427	目的	2772	0.029	49.8579
428	工人	2769	0.029	49.8869
429	规律	2759	0.0289	49.9158
430	农民	2758	0.0289	49.9447
431	元	2752	0.0288	49.9735
432	变	2746	0.0287	50.0022
433	实行	2742	0.0287	50.0309
434	力量	2739	0.0287	50.0596
435	非	2739	0.0287	50.0883
436	一起	2732	0.0286	50.1169
437	先生	2728	0.0285	50.1454
438	后来	2722	0.0285	50.1739
439	名	2716	0.0284	50.2023
440	请	2714	0.0284	50.2307
441	然后	2711	0.0284	50.2591
442	干	2701	0.0283	50.2874
443	办法	2698	0.0282	50.3156
444	站	2674	0.028	50.3436
445	并不	2669	0.0279	50.3715
446	制度	2669	0.0279	50.3994
447	钱	2667	0.0279	50.4273
448	有人	2658	0.0278	50.4551
449	心理	2654	0.0278	50.4829
450	怎样	2654	0.0278	50.5107
451	原则	2654	0.0278	50.5385
452	多少	2654	0.0278	50.5663
453	处	2653	0.0278	50.5941
454	原来	2647	0.0277	50.6218
455	那个	2639	0.0276	50.6494
456	等等	2634	0.0276	50.677
457	商品	2627	0.0275	50.7045
458	干部	2626	0.0275	50.732
459	部	2619	0.0274	50.7594
460	实践	2615	0.0274	50.7868
461	您	2612	0.0273	50.8141
462	所谓	2612	0.0273	50.8414
463	低	2606	0.0273	50.8687
464	行为	2600	0.0272	50.8959
465	第	2599	0.0272	50.9231
466	统一	2599	0.0272	50.9503
467	拿	2598	0.0272	50.9775
468	日本	2597	0.0272	51.0047
469	矛盾	2592	0.0271	51.0318
470	以上	2590	0.0271	51.0589
471	大量	2586	0.0271	51.086
472	死	2585	0.0271	51.1131
473	个人	2580	0.027	51.1401
474	指出	2573	0.0269	51.167
475	然而	2573	0.0269	51.1939
476	代表	2569	0.0269	51.2208
477	学校	2568	0.0269	51.2477
478	原因	2564	0.0268	51.2745
479	几个	2562	0.0268	51.3013
480	达到	2544	0.0266	51.3279
481	因素	2544	0.0266	51.3545
482	感到	2538	0.0266	51.3811
483	实验	2525	0.0264	51.4075
484	地位	2524	0.0264	51.4603
485	方向	2524	0.0264	51.4339
486	正在	2520	0.0264	51.4867
487	资本主义	2513	0.0263	51.513
488	因而	2510	0.0263	51.5393
489	程度	2509	0.0263	51.5656
490	并且	2507	0.0262	51.5918
491	完成	2499	0.0262	51.618
492	造成	2491	0.0261	51.6441
493	八	2491	0.0261	51.6702
494	回来	2491	0.0261	51.6963
495	改变	2484	0.026	51.7223
496	往往	2484	0.026	51.7483
497	看见	2482	0.026	51.7743
498	政策	2472	0.0259	51.8002
499	目前	2467	0.0258	51.826
500	半	2454	0.0257	51.8517
501	那样	2451	0.0256	51.8773
502	这么	2450	0.0256	51.9029
503	范围	2447	0.0256	51.9285
504	非常	2445	0.0256	51.9541
505	只要	2445	0.0256	51.9797
506	经	2441	0.0255	52.0052
507	首先	2438	0.0255	52.0307
508	法律	2437	0.0255	52.0562
509	声音	2436	0.0255	52.0817
510	时代	2433	0.0255	52.1072
511	质量	2429	0.0254	52.1326
512	改革	2418	0.0253	52.1579
513	阶段	2408	0.0252	52.1831
514	心里	2407	0.0252	52.2083
515	继续	2400	0.0251	52.2334
516	获得	2394	0.0251	52.2585
517	方式	2387	0.025	52.2835
518	层	2384	0.0249	52.3084
519	住	2381	0.0249	52.3333
520	副	2377	0.0249	52.3582
521	不要	2374	0.0248	52.383
522	量	2370	0.0248	52.4078
523	取得	2363	0.0247	52.4325
524	场	2362	0.0247	52.4572
525	所有	2344	0.0245	52.4817
526	块	2341	0.0245	52.5062
527	人物	2340	0.0245	52.5307
528	书	2333	0.0244	52.5551
529	叫做	2326	0.0243	52.5794
530	占	2302	0.0241	52.6035
531	些	2296	0.024	52.6275
532	告诉	2293	0.024	52.6515
533	严重	2290	0.024	52.6755
534	组成	2284	0.0239	52.6994
535	观察	2281	0.0239	52.7233
536	自	2276	0.0238	52.7471
537	近	2275	0.0238	52.7709
538	往	2272	0.0238	52.7947
539	第三	2270	0.0238	52.8185
540	速度	2270	0.0238	52.8423
541	自由	2270	0.0238	52.8661
542	字	2264	0.0237	52.8898
543	根本	2263	0.0237	52.9135
544	门	2258	0.0236	52.9371
545	容易	2255	0.0236	52.9607
546	哪	2252	0.0236	52.9843
547	加强	2251	0.0236	53.0079
548	了解	2247	0.0235	53.0314
549	全部	2245	0.0235	53.0549
550	早	2244	0.0235	53.0784
551	很多	2242	0.0235	53.1019
552	准备	2238	0.0234	53.1253
553	或者	2229	0.0233	53.1486
554	进一步	2228	0.0233	53.1719
555	项	2224	0.0233	53.1952
556	从而	2219	0.0232	53.2184
557	资产阶级	2217	0.0232	53.2416
558	价值	2216	0.0232	53.2648
559	困难	2211	0.0231	53.2879
560	还要	2199	0.023	53.3109
561	总是	2197	0.023	53.3339
562	中心	2197	0.023	53.3569
563	充分	2176	0.0228	53.3797
564	仍	2174	0.0227	53.4024
565	保证	2172	0.0227	53.4251
566	进入	2171	0.0227	53.4478
567	文学	2168	0.0227	53.4705
568	变成	2168	0.0227	53.4932
569	强	2166	0.0227	53.5159
570	处理	2166	0.0227	53.5386
571	采取	2164	0.0226	53.5612
572	事情	2163	0.0226	53.5838
573	只能	2162	0.0226	53.6064
574	敌人	2145	0.0224	53.6288
575	光	2143	0.0224	53.6512
576	不到	2141	0.0224	53.6736
577	事物	2139	0.0224	53.696
578	七	2136	0.0224	53.7184
579	那里	2132	0.0223	53.7407
580	约	2131	0.0223	53.763
581	控制	2126	0.0222	53.7852
582	对象	2124	0.0222	53.8074
583	积极	2119	0.0222	53.8518
584	动物	2119	0.0222	53.874
585	反应	2119	0.0222	53.8296
586	来说	2118	0.0222	53.8962
587	花	2108	0.0221	53.9183
588	米	2105	0.022	53.9403
589	美	2100	0.022	53.9623
590	难	2094	0.0219	53.9842
591	某	2094	0.0219	54.0061
592	行	2093	0.0219	54.028
593	倒	2089	0.0219	54.0499
594	提供	2082	0.0218	54.0717
595	集中	2078	0.0217	54.0934
596	世纪	2072	0.0217	54.1151
597	突然	2071	0.0217	54.1368
598	下去	2070	0.0217	54.1585
599	别	2069	0.0217	54.1802
600	常	2065	0.0216	54.2018
601	不少	2060	0.0216	54.2234
602	经营	2058	0.0215	54.2449
603	事实	2056	0.0215	54.2664
604	某些	2051	0.0215	54.2879
605	正是	2050	0.0215	54.3094
606	客观	2049	0.0214	54.3308
607	口	2045	0.0214	54.3522
608	生	2043	0.0214	54.3736
609	植物	2030	0.0212	54.3948
610	似的	2029	0.0212	54.416
611	段	2027	0.0212	54.4372
612	应当	2014	0.0211	54.4583
613	现代	2008	0.021	54.4793
614	状态	2008	0.021	54.5003
615	价格	2005	0.021	54.5213
616	一直	2004	0.021	54.5423
617	采用	2003	0.021	54.5633
618	服务	2002	0.0209	54.5842
619	按照	2002	0.0209	54.6051
620	分别	1999	0.0209	54.626
621	特征	1999	0.0209	54.6469
622	事业	1993	0.0209	54.6678
623	利益	1993	0.0209	54.6887
624	材料	1993	0.0209	54.7096
625	培养	1991	0.0208	54.7304
626	复杂	1990	0.0208	54.7512
627	有时	1983	0.0208	54.772
628	分子	1982	0.0207	54.7927
629	如何	1981	0.0207	54.8134
630	根	1975	0.0207	54.8341
631	望	1975	0.0207	54.8548
632	掌握	1971	0.0206	54.8754
633	丰富	1969	0.0206	54.896
634	又是	1968	0.0206	54.9166
635	共同	1964	0.0206	54.9372
636	城市	1964	0.0206	54.9578
637	式	1963	0.0205	54.9783
638	上海	1961	0.0205	54.9988
639	内部	1958	0.0205	55.0193
640	气	1947	0.0204	55.0397
641	理解	1941	0.0203	55.06
642	音乐	1936	0.0203	55.0803
643	运用	1934	0.0202	55.1005
644	构成	1929	0.0202	55.1207
645	现实	1924	0.0201	55.1408
646	形象	1923	0.0201	55.1609
647	真正	1922	0.0201	55.181
648	买	1922	0.0201	55.2011
649	发挥	1917	0.0201	55.2212
650	称为	1916	0.02	55.2412
651	刚	1914	0.02	55.2612
652	搞	1914	0.02	55.2812
653	传统	1910	0.02	55.3012
654	相同	1910	0.02	55.3212
655	除了	1908	0.02	55.3412
656	常常	1907	0.02	55.3612
657	创作	1906	0.0199	55.3811
658	适应	1904	0.0199	55.401
659	国际	1903	0.0199	55.4209
660	温度	1901	0.0199	55.4408
661	证明	1899	0.0199	55.4607
662	年代	1897	0.0199	55.4806
663	虽	1893	0.0198	55.5004
664	爱	1893	0.0198	55.5202
665	观点	1886	0.0197	55.5399
666	面	1884	0.0197	55.5596
667	促进	1884	0.0197	55.5793
668	战争	1883	0.0197	55.599
669	阶级	1880	0.0197	55.6187
670	帮助	1876	0.0196	55.6579
671	未	1876	0.0196	55.6383
672	母亲	1875	0.0196	55.6775
673	似乎	1875	0.0196	55.6971
674	回	1868	0.0195	55.7166
675	希望	1867	0.0195	55.7361
676	农村	1867	0.0195	55.7556
677	病	1866	0.0195	55.7751
678	重	1865	0.0195	55.7946
679	家庭	1862	0.0195	55.8141
680	空气	1861	0.0195	55.8336
681	坚持	1861	0.0195	55.8531
682	合理	1859	0.0195	55.8726
683	同样	1855	0.0194	55.892
684	区	1852	0.0194	55.9114
685	迅速	1849	0.0193	55.9307
686	进	1848	0.0193	55.95
687	属于	1847	0.0193	55.9886
688	土地	1847	0.0193	55.9693
689	除	1846	0.0193	56.0079
690	不可	1843	0.0193	56.0272
691	身体	1840	0.0193	56.0465
692	靠	1837	0.0192	56.0657
693	本身	1837	0.0192	56.0849
694	万	1836	0.0192	56.1041
695	感情	1836	0.0192	56.1233
696	路	1831	0.0192	56.1425
697	红	1825	0.0191	56.1616
698	父亲	1819	0.019	56.1806
699	广大	1816	0.019	56.1996
700	逐渐	1806	0.0189	56.2185
701	身上	1805	0.0189	56.2374
702	人员	1804	0.0189	56.2563
703	跑	1803	0.0189	56.2752
704	反对	1801	0.0188	56.294
705	北京	1800	0.0188	56.3128
706	生命	1799	0.0188	56.3316
707	必然	1798	0.0188	56.3504
708	简单	1797	0.0188	56.3692
709	人家	1794	0.0188	56.388
710	选择	1794	0.0188	56.4068
711	解释	1788	0.0187	56.4255
712	旧	1787	0.0187	56.4442
713	步	1783	0.0187	56.4629
714	怕	1774	0.0186	56.4815
715	妈妈	1773	0.0186	56.5001
716	长期	1772	0.0185	56.5186
717	化	1769	0.0185	56.5371
718	效果	1769	0.0185	56.5556
719	扩大	1763	0.0184	56.574
720	就要	1759	0.0184	56.5924
721	特殊	1759	0.0184	56.6108
722	动作	1758	0.0184	56.6292
723	热	1754	0.0184	56.6476
724	姑娘	1752	0.0183	56.6659
725	相互	1751	0.0183	56.6842
726	努力	1749	0.0183	56.7025
727	过来	1741	0.0182	56.7207
728	保持	1739	0.0182	56.7389
729	离开	1737	0.0182	56.7571
730	分布	1736	0.0182	56.7935
731	百	1736	0.0182	56.7753
732	咱们	1728	0.0181	56.8116
733	远	1727	0.0181	56.8297
734	几乎	1726	0.0181	56.8478
735	地球	1724	0.018	56.8658
736	以前	1724	0.018	56.8838
737	体	1724	0.018	56.9018
738	座	1724	0.018	56.9198
739	明显	1714	0.0179	56.9377
740	左右	1712	0.0179	56.9556
741	亦	1711	0.0179	56.9735
742	细胞	1709	0.0179	57.0093
743	谈	1709	0.0179	56.9914
744	思维	1708	0.0179	57.0272
745	一部分	1700	0.0178	57.045
746	互相	1698	0.0178	57.0628
747	仍然	1698	0.0178	57.0806
748	如此	1693	0.0177	57.0983
749	儿童	1690	0.0177	57.116
750	各个	1686	0.0176	57.1336
751	高兴	1686	0.0176	57.1512
752	这次	1685	0.0176	57.1688
753	生长	1685	0.0176	57.1864
754	脸	1681	0.0176	57.204
755	据	1679	0.0176	57.2216
756	意见	1676	0.0175	57.2391
757	标准	1672	0.0175	57.2566
758	别人	1668	0.0175	57.2741
759	家里	1668	0.0175	57.2916
760	错误	1661	0.0174	57.309
761	确定	1659	0.0174	57.3264
762	以来	1659	0.0174	57.3438
763	最大	1653	0.0173	57.3611
764	指导	1652	0.0173	57.3784
765	保护	1649	0.0173	57.3957
766	物	1644	0.0172	57.4129
767	无产阶级	1643	0.0172	57.4301
768	会议	1642	0.0172	57.4473
769	之一	1638	0.0171	57.4644
770	上面	1638	0.0171	57.4815
771	信息	1637	0.0171	57.4986
772	接受	1637	0.0171	57.5157
773	回答	1636	0.0171	57.5328
774	满足	1636	0.0171	57.5499
775	不知	1632	0.0171	57.567
776	减少	1630	0.0171	57.5841
777	发	1626	0.017	57.6011
778	功能	1625	0.017	57.6181
779	经常	1624	0.017	57.6351
780	独立	1622	0.017	57.6521
781	白	1621	0.017	57.6691
782	力	1618	0.0169	57.686
783	太阳	1616	0.0169	57.7029
784	苏联	1616	0.0169	57.7198
785	清楚	1615	0.0169	57.7367
786	画	1614	0.0169	57.7536
787	管	1613	0.0169	57.7705
788	战士	1612	0.0169	57.7874
789	增长	1606	0.0168	57.8042
790	队	1602	0.0168	57.821
791	态度	1600	0.0167	57.8377
792	概念	1598	0.0167	57.8544
793	高度	1592	0.0167	57.8711
794	王	1592	0.0167	57.8878
795	资金	1590	0.0166	57.9044
796	及其	1586	0.0166	57.921
797	加以	1585	0.0166	57.9376
798	上述	1582	0.0166	57.9542
799	面前	1582	0.0166	57.9708
800	派	1577	0.0165	57.9873
801	省	1577	0.0165	58.0038
802	词	1574	0.0165	58.0203
803	胜利	1574	0.0165	58.0368
804	手段	1573	0.0165	58.0533
805	以为	1570	0.0164	58.0697
806	必要	1570	0.0164	58.0861
807	竟	1567	0.0164	58.1025
808	边	1561	0.0163	58.1188
809	终于	1558	0.0163	58.1351
810	论	1556	0.0163	58.1514
811	信	1554	0.0163	58.1677
812	介绍	1554	0.0163	58.184
813	二十	1547	0.0162	58.2164
814	吸收	1547	0.0162	58.2002
815	人口	1545	0.0162	58.2326
816	应用	1543	0.0161	58.2487
817	基础上	1541	0.0161	58.2648
818	今年	1540	0.0161	58.2809
819	风	1540	0.0161	58.297
820	成功	1539	0.0161	58.3131
821	理想	1535	0.0161	58.3292
822	双	1535	0.0161	58.3453
823	说话	1534	0.0161	58.3614
824	重大	1533	0.016	58.3774
825	教师	1532	0.016	58.3934
826	化学	1527	0.016	58.4094
827	进步	1525	0.016	58.4254
828	有点	1522	0.0159	58.4413
829	英国	1522	0.0159	58.4572
830	动	1521	0.0159	58.4731
831	大小	1520	0.0159	58.489
832	接着	1519	0.0159	58.5049
833	措施	1517	0.0159	58.5208
834	目标	1516	0.0159	58.5367
835	反	1512	0.0158	58.5525
836	破坏	1512	0.0158	58.5683
837	若	1509	0.0158	58.5841
838	重视	1504	0.0157	58.5998
839	平均	1502	0.0157	58.6155
840	一天	1501	0.0157	58.6312
841	相当	1499	0.0157	58.6469
842	普遍	1496	0.0157	58.6626
843	是否	1495	0.0156	58.6782
844	仅	1494	0.0156	58.7094
845	成立	1494	0.0156	58.6938
846	之中	1492	0.0156	58.725
847	考虑	1491	0.0156	58.7406
848	办	1490	0.0156	58.7562
849	稳定	1485	0.0155	58.7717
850	计算	1483	0.0155	58.7872
851	统治	1483	0.0155	58.8027
852	穿	1482	0.0155	58.8182
853	忙	1479	0.0155	58.8337
854	帝国主义	1478	0.0155	58.8492
855	明白	1477	0.0155	58.8647
856	线	1477	0.0155	58.8802
857	巨大	1475	0.0154	58.8956
858	生物	1474	0.0154	58.911
859	部队	1473	0.0154	58.9264
860	越	1468	0.0154	58.9418
861	职工	1467	0.0154	58.9572
862	新闻	1462	0.0153	58.9725
863	行动	1462	0.0153	58.9878
864	女	1461	0.0153	59.0031
865	民主	1460	0.0153	59.0184
866	忽然	1459	0.0153	59.0337
867	舞蹈	1456	0.0152	59.0489
868	马	1455	0.0152	59.0641
869	数量	1455	0.0152	59.0793
870	活	1455	0.0152	59.0945
871	发出	1453	0.0152	59.1097
872	资源	1450	0.0152	59.1249
873	电子	1450	0.0152	59.1401
874	作出	1450	0.0152	59.1553
875	讨论	1447	0.0151	59.1704
876	分之	1447	0.0151	59.1855
877	深	1446	0.0151	59.2006
878	黑	1446	0.0151	59.2157
879	子	1446	0.0151	59.2308
880	物体	1444	0.0151	59.2459
881	资料	1441	0.0151	59.261
882	出去	1437	0.015	59.276
883	中央	1436	0.015	59.291
884	想到	1433	0.015	59.306
885	加	1432	0.015	59.321
886	意识	1431	0.015	59.336
887	观念	1429	0.015	59.381
888	道德	1429	0.015	59.366
889	设备	1429	0.015	59.351
890	来到	1428	0.0149	59.3959
891	厂	1427	0.0149	59.4108
892	广泛	1426	0.0149	59.4257
893	共	1424	0.0149	59.4406
894	投资	1422	0.0149	59.4555
895	实际上	1419	0.0148	59.4703
896	公司	1415	0.0148	59.4851
897	无法	1414	0.0148	59.4999
898	质	1412	0.0148	59.5147
899	余	1412	0.0148	59.5295
900	封建	1411	0.0148	59.5591
901	现代化	1411	0.0148	59.5443
902	报告	1408	0.0147	59.5738
903	随	1407	0.0147	59.5885
904	拉	1404	0.0147	59.6032
905	老师	1403	0.0147	59.6179
906	制	1403	0.0147	59.6326
907	入	1401	0.0147	59.6473
908	妇女	1401	0.0147	59.662
909	先进	1399	0.0146	59.6766
910	故	1399	0.0146	59.6912
911	号	1397	0.0146	59.7058
912	喜欢	1396	0.0146	59.7204
913	下面	1395	0.0146	59.735
914	底	1395	0.0146	59.7496
915	算	1392	0.0146	59.7642
916	达	1390	0.0145	59.7787
917	改造	1386	0.0145	59.8077
918	分配	1386	0.0145	59.7932
919	教学	1382	0.0145	59.8222
920	主张	1379	0.0144	59.8366
921	儿子	1378	0.0144	59.851
922	爸爸	1375	0.0144	59.8654
923	每个	1374	0.0144	59.8798
924	不但	1373	0.0144	59.8942
925	前面	1371	0.0143	59.9085
926	其它	1371	0.0143	59.9228
927	训练	1368	0.0143	59.9371
928	平衡	1367	0.0143	59.9514
929	执行	1360	0.0142	59.9656
930	位置	1360	0.0142	59.9798
931	支	1359	0.0142	59.994
932	不好	1356	0.0142	60.0082
933	逐步	1355	0.0142	60.0224
934	安排	1348	0.0141	60.0365
935	此外	1347	0.0141	60.0506
936	认真	1345	0.0141	60.0647
937	一片	1345	0.0141	60.0788
938	在于	1343	0.0141	60.0929
939	某种	1339	0.014	60.1069
940	道路	1335	0.014	60.1209
941	正常	1334	0.014	60.1349
942	以下	1334	0.014	60.1489
943	著名	1333	0.0139	60.1628
944	区别	1333	0.0139	60.1767
945	听到	1332	0.0139	60.1906
946	本质	1330	0.0139	60.2045
947	送	1329	0.0139	60.2184
948	期	1328	0.0139	60.2323
949	很快	1325	0.0139	60.2462
950	县	1324	0.0139	60.2601
951	角	1322	0.0138	60.2739
952	明确	1322	0.0138	60.2877
953	军事	1321	0.0138	60.3015
954	中间	1319	0.0138	60.3153
955	更加	1319	0.0138	60.3291
956	尤其	1317	0.0138	60.3567
957	曾经	1317	0.0138	60.3429
958	市	1315	0.0138	60.3705
959	支持	1313	0.0137	60.3979
960	称	1313	0.0137	60.3842
961	朋友	1310	0.0137	60.4116
962	并不是	1309	0.0137	60.4253
963	也许	1308	0.0137	60.439
964	状况	1308	0.0137	60.4527
965	工具	1308	0.0137	60.4664
966	强调	1306	0.0137	60.4801
967	开展	1304	0.0136	60.4937
968	超过	1302	0.0136	60.5073
969	无论	1302	0.0136	60.5209
970	其实	1301	0.0136	60.5345
971	伟大	1301	0.0136	60.5481
972	里面	1299	0.0136	60.5617
973	这儿	1299	0.0136	60.5753
974	找到	1297	0.0136	60.5889
975	商业	1297	0.0136	60.6025
976	提	1295	0.0136	60.6161
977	带来	1294	0.0135	60.6296
978	一致	1293	0.0135	60.6431
979	举行	1291	0.0135	60.6566
980	九	1290	0.0135	60.6701
981	小时	1290	0.0135	60.6836
982	表明	1289	0.0135	60.6971
983	山	1289	0.0135	60.7106
984	集体	1289	0.0135	60.7241
985	尽管	1287	0.0135	60.7376
986	分为	1284	0.0134	60.751
987	那是	1283	0.0134	60.7644
988	通常	1281	0.0134	60.7778
989	体系	1280	0.0134	60.7912
990	立即	1280	0.0134	60.8046
991	祖国	1280	0.0134	60.818
992	机关	1280	0.0134	60.8314
993	么	1277	0.0134	60.8448
994	意思	1274	0.0133	60.8581
995	晚上	1274	0.0133	60.8714
996	原子	1273	0.0133	60.8847
997	教授	1271	0.0133	60.898
998	检查	1270	0.0133	60.9113
999	回到	1266	0.0132	60.9245
1000	这位	1264	0.0132	60.9377